1 55.95647599999999 -4.771983
2 55.864237 -4.251806
3 53.763201 -2.70309
4 52.48624299999999 -1.890401
5 50.90970040000001 -1.4043509
6 49.49437 0.107929
7 48.856614 2.3522219
8 47.902964 1.909251
9 44.837789 -0.57918
10 43.318334 -1.9812313
11 42.3439925 -3.696906
12 40.4167754 -3.7037902
13 37.3890924 -5.9844589
14 36.1407591 -5.456233
15 57.477773 -4.224721
16 56.394994 -3.4308381
17 55.953252 -3.188267
18 54.978252 -1.61778
19 51.5073509 -0.1277583
20 51.081397 1.169456
21 51.1278758 1.3134027
22 50.95129000000001 1.858686
23 45.764043 4.835659
24 33.7987905 -117.8660641
25 43.184277 3.003078
26 41.9794005 2.8214264
27 41.3850639 2.1734035
28 41.1188827 1.2444909
29 39.9863563 -0.0513246
30 39.4699075 -0.3762881
31 38.3459963 -0.4906855
32 37.9922399 -1.1306544
33 36.834047 -2.4637136
34 36.7211784 -4.421719899999999
35 51.9806322 4.1341847
36 51.9244201 4.4777326
37 51.44164199999999 5.4697225
38 50.8513682 5.6909725
39 50.6325574 5.5796662
40 50.0005062 5.7152802
41 49.6851364 5.810480399999999
42 49.815273 6.129582999999999
43 49.1193089 6.175715599999999
44 49.104408 6.705793
45 48.5734053 7.752111299999999
46 47.7495904 7.3356529
47 47.5595986 7.5885761
48 47.3499624 7.903703399999999
49 46.9479739 7.4474468
50 46.5196535 6.6322734
51 46.2043907 6.1431577
52 45.8326223 6.8651749
53 45.7349551 7.313076199999999
54 45.4672764 7.8800589
55 45.32022720000001 8.418573499999999
56 44.9072727 8.6116796
57 44.4056499 8.946256
58 42.697283 9.450880999999999
59 41.591369 9.278311
60 41.38717399999999 9.159269
61 40.8283713 8.3417006
62 40.7259269 8.5556826
63 39.2238411 9.1216613
64 52.3675734 4.9041389
65 52.09073739999999 5.1214201
66 51.9851034 5.898729599999999
67 51.8395929 6.251730299999999
68 51.4963341 6.863776499999999
69 50.937531 6.9602786
70 50.1109221 8.6821267
71 49.3987524 8.6724335
72 49.0068901 8.4036527
73 48.473451 7.9498017
74 47.05016819999999 8.3093072
75 46.8821272 8.642843599999999
76 46.5588864 8.5623231
77 46.1946216 9.0244124
78 46.0036778 8.951051999999999
79 45.8366999 9.0246111
80 45.8080597 9.0851765
81 45.4642035 9.189982
82 45.0526206 9.6929845
83 44.801485 10.3279036
84 44.647128 10.9252269
85 43.7695604 11.2558136
86 41.9027835 12.4963655
87 68.44903339999999 22.4837512
88 68.43795399999999 22.4511095
89 65.5920768 19.1802828
90 63.1766832 14.6360681
91 61.004878 14.537003
92 59.132661 12.930107
93 57.70887 11.97456
94 57.442711 10.521006
95 57.0488195 9.921747
96 56.162939 10.203921
97 55.7113112 9.536354
98 55.495973 9.4730519
99 54.7937431 9.4469964
100 53.5510846 9.9936819
101 52.3758916 9.732010400000002
102 51.54128040000001 9.915803499999999
103 51.3127114 9.4797461
104 50.5558095 9.6808449
105 49.79130439999999 9.9533548
106 49.4521018 11.0766654
107 48.1351253 11.5819805
108 47.8571272 12.1181047
109 47.4856098 12.0649466
110 47.2692124 11.4041024
111 46.9498198 11.3881342
112 46.7968979 11.6031216
113 46.4982953 11.3547582
114 46.0747793 11.1217486
115 45.43838419999999 10.9916215
116 44.494887 11.3426162
117 44.1396438 12.2464292
118 43.1107168 12.3908279
119 42.1702573 12.5922521
120 40.8517983 14.26812
121 40.68244079999999 14.7680961
122 40.58681139999999 15.3014109
123 39.2982629 16.2537357
124 38.21674580000001 15.6362381
125 38.1937335 15.5542057
126 37.5078772 15.0830304
127 37.0754739 15.2865861
128 37.0741526 14.2403537
129 56.030787 12.592127
130 55.6760968 12.5683372
131 55.45752599999999 12.1821809
132 55.008925 11.909363
133 61.89263500000001 -6.9118061
134 54.76542200000001 11.875492
135 54.574422 11.931194
136 54.0924406 12.0991466
137 52.52000659999999 13.404954
138 51.8632976 13.9545465
139 51.0504088 13.7372621
140 50.6611164 14.0531455
141 50.0755381 14.4378005
142 49.4129888 14.6774664
143 48.30694 14.28583
144 47.80949 13.05501
145 46.60856 13.85062
146 46.4654751 13.5534595
147 46.0710668 13.2345794
148 45.909424 13.3057286
149 45.4934881 12.2463181
150 44.4183598 12.2035294
151 44.0678288 12.5695158
152 43.8398164 13.0194201
153 43.6158299 13.518915
154 42.4617902 14.2160898
155 41.2224319 16.0660707
156 41.1171432 16.8718715
157 40.6327278 17.9417616
158 39.5061499 20.2655339
159 38.9592649 20.7517155
160 47.6525259 -122.3438254
161 38.2466395 21.734574
162 36.383038 25.4478176
163 37.0366386 22.1143716
164 55.57905340000001 13.0108705
165 55.4295051 13.8200308
166 53.9100327 14.2475775
167 53.9228928 14.5492815
168 53.56382 14.82843
169 53.4285438 14.5528116
170 52.7325285 15.2369305
171 52.2472962 15.5335722
172 51.9356214 15.5061862
173 51.2070067 16.1553231
174 50.9044171 15.7193616
175 50.7720863 15.4314213
176 50.64274 15.2540856
177 50.587285 15.1568091
178 50.4134249 14.908438
179 49.3983782 15.5870415
180 49.1950602 16.6068371
181 48.1485965 17.1077478
182 47.9977901 17.1983996
183 47.6103234 17.2462444
184 47.2306851 16.6218441
185 46.8416936 16.8416322
186 46.4590218 16.9896796
187 46.4300795 16.7318855
188 45.8150108 15.9819189
189 45.4928973 15.5552683
190 45.3270631 14.442176
191 43.5081323 16.4401935
192 42.65066059999999 18.0944238
193 42.2053317 18.9457661
194 42.4304196 19.2593642
195 43.0369422 19.7561911
196 42.6629138 21.1655028
197 41.9981294 21.4254355
198 41.5129112 20.9525065
199 41.1230977 20.8016481
200 41.0296773 21.3292164
201 28.4064844 -81.20222629999999
202 40.7668788 21.6145883
203 40.3005586 21.7887737
204 39.63902239999999 22.4191254
205 39.1288319 22.2984478
206 38.8997323 22.4336668
207 38.7269225 22.4631437
208 38.4324927 22.4259628
209 38.3303237 21.7642046
210 38.2505451 22.0810942
211 37.9386365 22.9322383
212 37.5101357 22.372644
213 35.4945873 23.6537459
214 35.5138298 24.0180367
215 70.37063979999999 31.1095471
216 70.0745056 29.7481181
217 70.1727827 28.5556418
218 69.9090465 27.0285295
219 68.9062035 27.0277551
220 68.6576419 27.5397058
221 67.415999 26.5889726
222 66.50394779999999 25.7293906
223 65.73556789999999 24.5657426
224 65.0120888 25.4650772
225 62.2426034 25.7472567
226 61.2102113 26.0457548
227 60.98267490000001 25.6612096
228 60.16985569999999 24.9383791
229 54.35202520000001 18.6466384
230 53.4093843 18.4473863
231 51.7592485 19.4559833
232 51.40517209999999 19.7030244
233 50.26489189999999 19.0237815
234 49.21944980000001 18.7408001
235 47.6874569 17.6503974
236 47.497912 19.040235
237 46.2530102 20.1414253
238 46.09695809999999 19.65763
239 45.2396085 19.8227056
240 44.8125449 20.4612299
241 33.6977038 -117.8636521
242 42.0732613 21.7853143
243 41.7164563 21.7722966
244 41.1451892 22.4997467
245 41.1044436 22.5577787
246 40.6400629 22.9444191
247 40.2702495 22.5121487
248 37.9838096 23.7275388
249 35.3387352 25.1442126
250 35.1899597 25.7164166
251 35.2086503 26.1052329
252 55.70329479999999 21.1442795
253 54.8985207 23.9035965
254 54.6871555 25.2796514
255 53.8904386 25.3028153
256 53.0920949 25.318913
257 52.21175849999999 24.3562415
258 50.4009139 25.7590674
259 49.553517 25.594767
260 48.2920787 25.9358367
261 47.9820482 26.0648944
262 47.6634521 26.2732302
263 33.9759258 -118.0342983
264 44.718056 26.645278
265 44.4267674 26.1025384
266 43.9037076 25.9699265
267 43.83557130000001 25.9656554
268 42.87990080000001 27.8811178
269 43.0756739 25.6171514
270 42.4257769 25.6344644
271 41.9344366 25.5554462
272 41.7654876 26.2019433
273 41.719727 26.2123505
274 41.64548690000001 26.4764421
275 41.3476492 26.4956372
276 40.8457193 25.873962
277 59.9310584 30.3609096
278 57.8166994 28.3344735
279 52.4313388 30.99367
280 50.4501 30.5234
281 46.482526 30.7233095
282 41.2797031 36.3360667
283 40.87477 35.461753
284 55.755826 37.6172999
285 54.5135904 36.2636786
286 53.2635306 34.41611
287 51.6708844 33.9078925
288 69.7269192 30.0450432
289 68.97331129999999 33.0855849
290 61.77816170000001 34.3640395
291 52.9668468 36.06248980000001
292 49.9935 36.230383
293 44.952117 34.102417
294 44.67638300000001 34.41005
295 44.4909462 34.1532687
296 57.62607440000001 39.8844709
297 51.6683487 39.19192880000001
298 44.7180464 37.7770117
299 44.211675 43.1238527
300 43.4846029 43.6070118
301 43.0252344 44.6659759
302 42.66026799999999 44.641143
303 41.8411674 44.7073864
304 41.7151377 44.827096
305 41.4689396 44.785078
306 41.4493594 44.5488663
307 40.1872023 44.515209
308 39.508988 46.343889
309 38.9016976 46.2467317
310 52.7371109 41.4396142
311 51.1990188 42.2440421
312 48.708048 44.5133035
313 46.3586008 48.05694829999999
314 42.9777885 47.5146913
315 63.27734799999999 10.2755344
316 40.40926169999999 49.8670924
317 39.939134 49.39852459999999
318 38.4687834 48.8728029
319 53.203772 50.1606382
320 51.2271969 51.3866462
321 47.0944959 51.9238373
322 45.3222362 55.181848
323 44.13946259999999 52.1629811
324 54.5259614 15.2551187
325 42.756519 52.64203999999999
326 41.5380937 52.5783004
327 40.0336591 52.9759299
328 38.97043499999999 56.31530129999999
329 54.43194219999999 60.87889629999999
330 53.2198089 63.6354232
331 51.953423 66.412186
332 51.098127 66.3165471
333 50.2496386 66.9140468
334 47.79636559999999 67.7020019
335 44.84883139999999 65.4822686
336 42.34168469999999 69.59010099999999
337 41.2994958 69.2400734
338 42.3701769 -71.0386686
339 38.5597722 68.7870384
340 37.2149802 68.5798638
341 56.1086407 69.4609694
342 51.16052269999999 71.4703558
343 49.8046835 73.1093826
344 46.2160876 74.3775
345 54.5259614 15.2551187
346 43.2220146 76.8512485
347 40.7670044 -73.98222330000002
348 41.42984140000001 75.9009318
349 40.583333 75.41666699999999
350 54.9913545 73.3645204
351 52.2873032 76.9674023
352 50.4233463 80.250811
353 51.931872 47.2764956
354 54.5259614 15.2551187
355 69.07889229999999 16.9997325
356 68.2343088 14.5682237
357 68.5012102 14.8007091
358 68.69588449999999 15.4051116
359 68.41415429999999 15.9943948
360 68.4586288 16.6996028
361 68.4384984 17.4272613
362 67.8557995 20.225282
363 65.9115315 22.6561965
364 65.584819 22.1567026
365 52.7124708 -8.8730677
366 52.6638367 -8.6267343
367 53.3498053 -6.2603097
368 53.4083714 -2.9915726
369 53.4807593 -2.2426305
370 53.8007554 -1.5490774
371 53.76762360000001 -0.3274198
372 55.476466 8.459405
373 56.0464674 12.6945121
374 56.6743748 12.8577885
375 59.2752626 15.2134105
376 59.32932349999999 18.0685808
377 59.43696079999999 24.7535747
378 59.3796931 28.1790751
379 51.8985143 -8.4756035
380 52.2593197 -7.1100702
381 52.336916 -6.4633381
382 52.2513061 -6.3414908
383 51.993927 -4.975989000000001
384 51.62144 -3.943645999999999
385 51.504286 -3.576945
386 51.48158100000001 -3.17909
387 51.6686914 4.5844026
388 51.454513 -2.58791
389 51.895927 0.8918740000000001
390 52.056736 1.14822
391 51.961726 1.351255
392 52.0704978 4.3006999
393 52.0115205 4.7104633
394 52.1561113 5.387826599999999
395 52.3116551 6.926828299999999
396 52.2799112 8.0471788
397 52.2084623 8.8009706
398 52.2688736 10.5267696
399 52.1205333 11.6276237
400 52.406374 16.9251681
401 52.2296756 21.0122287
402 48.390394 -4.486076
403 53.9006011 27.558972
404 54.7903112 32.0503663
405 54.6095418 39.7125857
406 53.2272903 45
407 54.73479099999999 55.9578555
408 45.4180556 36.4011111
409 51.209348 3.2246995
410 51.0543422 3.7174243
411 50.8503396 4.3517103
412 50.8798438 4.7005176
413 50.6292029 6.0337111
414 50.7753455 6.083886800000001
415 51.0282107 7.8502943
416 50.5589802 8.5081645
417 50.5840512 8.678403099999999
418 50.8701345 9.7019675
419 50.9795715 10.3146872
420 50.98476789999999 11.02988
421 50.8850706 12.0807203
422 50.827845 12.9213697
423 51.1506269 14.968707
424 51.1078852 17.0385376
425 50.6683223 17.9230651
426 50.29449229999999 18.6713802
427 50.3249278 18.7857186
428 50.06465009999999 19.9449799
429 50.0411867 21.9991196
430 50.0161463 22.6777169
431 49.9557139 23.0804404
432 49.839683 24.029717
433 50.6199 26.251617
434 50.25465 28.6586669
435 48.574041 39.307815
436 45.3222362 55.181848
437 43.0695056 58.87498040000001
438 42.461891 59.6166312
439 41.8368737 59.9651904
440 39.7680827 64.4555769
441 40.103922 65.3688335
442 39.627012 66.9749731
443 40.1250439 67.8808243
444 42.8983715 71.3979891
445 44.3590349 77.9681544
446 45.0177112 78.38044169999999
447 25.9038542 -80.3289266
448 47.2210482 80.7905304
449 47.9755808 80.43273599999999
450 49.97492949999999 82.6017244
451 33.8892209 -117.886276
452 48.117266 -1.6777926
453 48.00611000000001 0.199556
454 49.258329 4.031696
455 49.24015720000001 6.996932699999999
456 49.4874592 8.466039499999999
457 49.1426929 9.210879
458 49.6681792 12.5518982
459 49.7384314 13.3736371
460 48.884936 18.0335208
461 49.0018324 21.2393119
462 48.7163857 21.2610746
463 48.66113499999999 22.2637587
464 48.6208 22.287883
465 48.4493055 22.7117106
466 49.2656076 23.8431343
467 49.422983 26.9871331
468 49.233083 28.4682169
469 48.74939269999999 30.2214499
470 48.50793300000001 32.262317
471 48.464717 35.046183
472 48.015883 37.80285
473 47.2357137 39.701505
474 45.0014406 41.1326893
475 47.7482524 -3.3702449
476 47.658236 -2.760847
477 47.218371 -1.553621
478 47.47116159999999 -0.5518257
479 47.4221656 0.681029
480 47.99729 2.736291
481 47.798202 3.573781
482 47.02603000000001 4.840004
483 49.141149 -123.028119
484 47.237829 6.024053899999999
485 47.63967400000001 6.863849
486 47.3768866 8.541694
487 47.4988196 8.723688899999999
488 47.4244818 9.3767173
489 47.4496088 9.6376089
490 47.50075 9.74231
491 47.24128 9.601899999999999
492 47.14057 10.56558
493 47.3070652 11.0681692
494 47.4744377 9.7302279
495 47.24013 10.73954
496 47.7303361 12.881588
497 48.0738308 14.0557083
498 48.20353 15.63817
499 48.2081743 16.3738189
500 47.9415942 17.0707582
501 47.8681469 17.2689169
502 47.16213550000001 20.1824712
503 47.3216529 21.1185953
504 47.04650050000001 21.9189438
505 46.7712101 23.6236353
506 46.564676 23.7971063
507 46.5385862 24.5514392
508 45.6426802 25.5887252
509 44.936664 26.0128616
510 44.5628889 27.3613656
511 44.6893481 27.9456551
512 44.1598013 28.6348138
513 44.0949683 28.6086623
514 42.1582596 41.67137
515 42.269636 42.0656896
516 42.1599257 42.3367678
517 42.2662428 42.7180019
518 41.9837685 43.5865947
519 41.9854144 44.108411
520 41.5225612 45.0430369
521 40.6878581 46.3723313
522 40.6196638 47.1500324
523 37.9600766 58.32606289999999
524 37.37430440000001 60.5008307
525 37.2710803 -76.71628910000001
526 39.0041313 63.568808
527 47.5607312 10.6373838
528 38.86119180000001 65.7847269
529 38.6086856 66.2605176
530 37.6699121 67.0047582
531 37.2610694 67.30862359999999
532 37.2678231 -79.937654
533 39.7270619 73.25147199999999
534 39.6783413 73.89850419999999
535 43.3623436 -8.4115401
536 43.2630126 -2.9349852
537 45.77722199999999 3.087025
538 45.564601 5.917781
539 45.1386144 7.048457300000001
540 45.0703393 7.686864
541 44.8952122 8.8633326
542 45.5415526 10.2118019
543 45.6495264 13.7768182
544 45.7749704 14.2133245
545 46.0569465 14.5057515
546 45.1631431 18.0116081
547 45.1188369 21.2949931
548 45.7488716 21.2086793
549 44.6369227 22.6597342
550 44.3301785 23.7948807
551 38.80790500000001 -77.046145
552 43.53367189999999 26.5411165
553 43.2712398 26.9361286
554 43.2140504 27.9147333
555 40.986166 37.8797209
556 40.91753200000001 38.392653
557 41.0026969 39.7167633
558 41.6167547 41.6367455
559 38.7222524 -9.1393366
560 41.652251 -4.724532099999999
561 43.604652 1.444209
562 43.7101728 7.261953200000001
563 42.6977082 23.3218675
564 42.1354079 24.7452904
565 41.0082376 28.9783589
566 40.7654408 29.9408089
567 40.800325 32.193323
568 40.656455 35.837347
569 39.9054993 41.2658236
570 39.415638 44.357624
571 35.7394355 51.3043127
572 37.6550933 12.5899615
573 38.11569 13.3614868
574 38.1113006 15.6472914
575 40.370601 16.8136507
576 40.46436060000001 17.2470303
577 39.66502880000001 20.8537466
578 40.4139849 26.669997
579 40.345477 26.6843049
580 40.1885281 29.0609636
581 39.9333635 32.8597419
582 36.9914194 35.3308285
583 37.0696439 41.213997
584 35.3931389 40.5909795
585 33.223191 43.679291
586 54.8578003 -5.8236224
587 54.59728500000001 -5.93012
588 54.1751024 -6.34023
589 53.9979451 -6.405957
590 53.717856 -6.3560985
591 42.4298846 -8.6446202
592 42.02688939999999 -8.6421195
593 41.1579438 -8.629105299999999
594 37.0890719 -8.2478796
595 37.2179422 -7.4423339
596 37.261421 -6.9447224
597 49.6337308 -1.622137
598 46.160329 -1.151139
599 55.3762427 13.1574232
600 59.9138688 10.7522454
601 60.7945331 11.0679977
602 61.1152713 10.4662306
603 62.0757681 9.1279644
604 63.4305149 10.3950528
605 63.46779719999999 10.917596
606 64.01501929999999 11.4952627
607 65.836924 13.1934011
608 66.3137122 14.141975
609 67.095278 15.3877832
610 67.2591843 15.3916321
611 68.3429339 16.8314179
612 68.8609902 18.3485696
613 69.96873760000001 23.2715496
614 70.4737829 25.0712756
615 70.0513264 24.971782
616 69.47193500000002 25.5108129
617 43.2951 -0.370797
618 42.57171659999999 -0.5470554
619 41.6488226 -0.8890853
620 47.221438 2.069791
621 46.3415466 2.6019912
622 43.610769 3.876716
623 53.52282 -1.128462
624 53.38112899999999 -1.470085
625 52.95478319999999 -1.1581086
626 52.6368778 -1.1397592
627 52.240477 -0.9026560000000001
628 51.2194475 4.4024643
629 46.1049798 7.075533399999999
630 49.106031 7.070862
631 49.4774018 8.4447451
632 44.1024504 9.824082599999999
633 53.07929619999999 8.8016936
634 63.3122326 9.853523700000002
635 63.2054174 8.9852224
636 63.1176181 8.437091299999999
637 68.43736659999999 17.655225
638 54.5259614 15.2551187
639 62.89271429999999 7.681804799999998
640 62.7390626 7.179080099999999
641 62.6259264 7.0867191
642 62.5046328 6.6317302
643 62.47222840000001 6.149482099999999
644 62.1452551 6.0747977
645 61.9062629 5.991554799999999
646 61.77644600000001 6.216160599999999
647 61.4530923 5.850919999999999
648 61.1040482 5.5106226
649 60.9861099 5.484934099999999
650 60.54781329999999 5.291445599999999
651 60.39126279999999 5.3220544
652 54.5259614 15.2551187
653 59.7952153 5.507941199999999
654 59.59309739999999 5.3599706
655 59.424449 5.449296299999999
656 59.22997 5.438376
657 59.0971936 5.627412100000001
658 58.99967460000001 5.6187068
659 58.9699756 5.7331074
660 58.8532585 5.7329455
661 58.53420999999999 6.145701
662 58.2971823 6.6599809
663 58.1378983 7.070436099999999
664 58.0267977 7.453492199999999
665 58.15991189999999 8.0182064
666 57.58695299999999 9.9668379
667 57.4567788 9.995763499999999
668 57.059299 9.935725
669 51.5135872 7.465298100000001
670 49.9806625 9.135555400000001
671 48.7758459 9.1829321
672 47.6958897 8.6380489
673 48.4010822 9.987607599999999
674 47.5797815 9.678933299999999
675 47.1655403 9.4708594
676 46.8507835 9.5319859
677 46.4959 9.17079
678 54.6937 11.389576
679 54.49659819999999 11.2123326
680 54.2904694 10.8899227
681 53.8654673 10.6865593
682 51.4969802 11.9688029
683 50.4976133 12.1368679
684 48.8398829 13.3393864
685 50.16619439999999 12.316921
686 50.0795334 12.3698636
687 50.2318521 12.8719616
688 48.9756578 14.480255
689 48.85313980000001 14.9151232
690 51.3396955 12.3730747
691 50.9044171 15.7193616
692 50.3135391 11.9127814
693 49.9456399 11.5713346
694 49.1216274 13.1991744
695 48.8408515 12.9574787
696 47.56741 14.24315
697 50.1171529 -5.477807299999999
698 47.070714 15.439504
699 46.5546503 15.6458812
700 46.7085573 15.6321939
701 46.4995931 14.0185859
702 53.0886873 17.5465361
703 66.7136282 27.4292063
704 66.1105895 28.1672012
705 65.9645876 29.1886651
706 64.2221775 27.7278497
707 63.56942369999999 27.1826451
708 62.89796999999999 27.6781725
709 61.4977524 23.7609535
710 60.4518126 22.2666302
711 56.9496487 24.1051865
712 50.4345636 16.6613941
713 50.4427156 16.2426605
714 50.41457219999999 16.1656347
715 50.2103605 15.825211
716 71.169493 25.7831639
717 48.1034775 20.7784384
718 46.9786006 18.1670212
719 44.0407757 16.1964988
720 46.3474326 18.7062293
721 46.0046295 18.6794304
722 45.5549624 18.6955144
723 45.30999689999999 18.409782
724 45.0610659 18.4690346
725 44.2034392 17.9077431
726 43.34377480000001 17.8077578
727 43.05328009999999 17.6493431
728 55.9349085 23.3136823
729 54.6504457 21.3353024
730 54.7104264 20.4522144
731 54.1560613 19.4044897
732 51.40272359999999 21.1471334
733 49.3598544 19.6106129
734 49.0752393 19.3066002
735 48.5761806 19.1371155
736 47.5316049 21.6273124
737 47.2196438 21.5362812
738 46.6674534 22.3575717
739 45.86625739999999 22.9143737
740 45.4088946 23.3754021
741 45.0314279 23.2689393
742 40.9274488 0.8455722999999999
743 43.996159 22.8679302
744 43.2102375 23.5528803
745 42.9076508 23.7933663
746 42.0208569 23.0943385
747 44.41069 5.704308
748 47.9799496 23.0132565
749 47.8016702 22.8575926
750 47.1854562 23.0573324
751 45.9595588 23.5663758
752 45.7935607 24.1212945
753 44.8564798 24.8691824
754 43.4170423 24.6066847
755 43.6577331 17.760399
756 45.3501944 28.8501919
757 45.457057 28.2888529
758 45.4353208 28.0079945
759 45.1716165 28.7914439
760 42.50479259999999 27.4626361
761 41.9797938 27.5250475
762 41.932262 27.365664
763 41.735472 27.224369
764 41.4313239 27.091798
765 41.5488659 26.82151
766 40.8014295 26.5609857
767 39.319185 26.692387
768 38.423734 27.142826
769 37.950845 27.369954
770 37.8380162 27.8455601
771 37.7830159 29.0963328
772 37.426385 29.351143
773 37.064426 30.196586
774 36.8968908 30.7133233
775 40.470348 32.650203
776 37.062415 36.145216
777 36.584673 36.1756161
778 36.2022842 36.1613221
779 35.90297100000001 36.062675
780 34.80207499999999 38.996815
781 46.635417 32.616867
782 45.7089869 34.3874785
783 43.60280789999999 39.7341543
784 43.0015252 41.0234153
785 42.5091391 41.866992
786 37.1674039 38.7955149
787 37.9249733 40.2109826
788 38.400569 42.1095019
789 39.54707399999999 44.06877799999999
790 39.92005959999999 44.0436151
791 39.6547642 44.798541
792 39.7105114 44.8864277
793 57.78261370000001 14.1617876
794 58.41080700000001 15.6213728
795 58.587745 16.192421
796 59.19536300000001 17.625689
797 59.85856380000001 17.6389267
798 62.390811 17.306927
799 63.29004740000001 18.7166166
800 63.8258471 20.2630354
801 65.8417085 24.1276643
802 65.847301 24.1520236
803 69.6492047 18.9553239
804 69.2174038 19.558266
805 69.39084489999999 20.2673273
806 69.0442888 20.8032994
807 67.33193299999999 23.7892722
808 63.8415002 23.1250337
809 63.09508899999999 21.6164564
810 61.4851393 21.7974179
811 60.9928787 24.4590244
812 54.9966124 -7.3085748
813 60.426748 5.454286199999999
814 60.6295624 6.422151200000001
815 61.05708929999999 7.767449000000001
816 61.28821920000001 8.2101109
817 60.9858348 9.2323598
818 60.16822250000001 10.2564171
819 59.8909053 10.5277867
820 54.4429264 -6.4175653
821 54.903367 -5.024055
822 54.994997 -3.0671081
823 53.16135 -1.22067
824 58.4617568 8.7724499
825 59.1385567 9.6555147
826 59.0538363 10.0295463
827 59.1313095 10.2165948
828 59.417084 10.4832129
829 59.7440738 10.2044565
830 59.5834589 11.1629005
831 59.4021806 13.5114978
832 59.60990049999999 16.5448092
833 59.71894999999999 19.06578
834 60.4518126 22.2666302
835 60.4665666 26.9459403
836 60.5952591 27.8080403
837 60.70956219999999 28.749044
838 53.309441 -4.633038
839 53.193392 -2.893075
840 53.3900441 -2.5969501
841 53.614012 -0.215913
842 53.2193835 6.5665017
843 54.5159131 13.6331916
844 56.6634447 16.3567791
845 57.3937216 21.5647066
846 56.5099223 27.3331357
847 56.33960880000001 30.5314751
848 56.1428026 40.3895795
849 56.3268684 44.0058793
850 55.7878944 49.1233294
851 55.761218 52.0111842
852 58.00916830000001 56.22696740000001
853 56.8430993 60.64540859999999
854 57.1553394 65.5618637
855 52.205337 0.121817
856 54.1943219 16.1714908
857 54.46414799999999 17.0284824
858 54.5188898 18.5305409
859 54.6328243 22.5698534
860 54.5553929 23.3626146
861 51.934731 1.260297
862 51.3189468 3.2068507
863 51.3703748 6.172403099999999
864 51.75631079999999 14.3328679
865 51.7482395 36.1947023
866 51.5461754 46.0154123
867 50.2839339 57.166978
868 49.9608194 60.10934450000001
869 45.3963063 59.6134113
870 45.8520381 62.1557992
871 51.0343684 2.3767763
872 50.6390876 3.075685
873 50.4542408 3.956659
874 50.4108095 4.444643
875 50.4673883 4.8719854
876 50.2788486 6.1273655
877 49.986944 6.889722
878 49.9667396 7.904596000000001
879 50.0782184 8.239760799999999
880 49.894067 2.295753
881 49.76208500000001 4.726096
882 49.749992 6.6371433
883 50.3569429 7.5889959
884 49.182863 -0.370679
885 49.44323199999999 1.099971
886 50.0492047 10.2194227
887 50.0035483 12.0899816
888 48.5476784 7.9744954
889 48.113748 5.1392559
890 47.6327253 8.2719155
891 49.0134297 12.1016236
892 48.5667364 13.4319466
893 48.16542 14.03664
894 47.1584549 27.6014418
895 47.3280356 27.6288324
896 47.0104529 28.8638102
897 46.975033 31.99458289999999
898 46.8550216 35.3586996
899 47.2125752 38.9159658
900 46.58022400000001 0.340375
901 46.3068839 4.828730999999999
902 46.2331221 7.360625999999999
903 46.1952777 8.0559172
904 45.9283201 8.4324551
905 46.7300428 12.2805214
906 46.79968 13.4928
907 46.6364598 14.3122246
908 47.1028087 17.9093019
909 47.18602620000001 18.4221358
910 46.1865606 21.3122677
911 44.5970314 7.6114217
912 44.90075119999999 8.2064257
913 43.71049290000001 10.3987937
914 43.7677997 10.3258023
915 42.7635254 11.1123634
916 43.46328390000001 11.8796336
917 43.5726206 12.1382607
918 41.3010351 -7.7422354
919 41.8061131 -6.756737999999999
920 41.5034712 -5.7467879
921 41.5015353 -4.998745899999999
922 40.9780919 27.511674
923 41.073678 28.247868
924 40.6362285 21.0843608
925 40.78452619999999 21.4131222
926 40.7668788 21.6145883
927 40.7325414 22.6920826
928 39.821049 34.808573
929 39.750545 37.0150217
930 39.899583 38.768068
931 39.5557317 21.7678951
932 39.366584 22.9506769
933 37.9943201 23.3430496
934 38.0676954 23.7276599
935 38.6742286 29.4058825
936 38.7568852 30.5387038
937 39.4513 31.5378
938 36.4337859 36.301507
939 36.49673000000001 36.360703
940 36.268523 36.567593
941 36.23901499999999 36.652329
942 41.24036359999999 44.7861929
943 41.24044910000001 44.8236089
944 40.807399 44.4970268
945 39.9095503 48.3595122
946 38.9016976 46.2467317
947 38.9021622 46.0237625
948 38.9604983 45.6292939
949 39.2009126 45.4082269
950 53.418389 58.99563000000001
951 54.5259614 15.2551187
952 44.84883139999999 65.4822686
953 42.753149 2.44937
954 40.5341079 70.9309024
955 40.8153561 72.28375
956 40.513999 72.816098
957 37.9273983 69.8001762
958 38.4613914 70.7896966
959 37.4882943 71.5901986
960 38.1869138 73.9976946
961 58.4935698 22.7456345
962 36.7243344 71.6131931
963 34.1075984 -118.3099625
964 31.237274 121.596962
965 40.9823366 28.6005428
966 43.0166383 79.2251948
967 42.4782154 78.3860117
968 43.5380781 79.4647633
969 37.7870738 -122.4114114
970 44.213941 80.411271
971 46.1720372 80.9474113
972 42.65890580000001 23.3946584
973 54.5259614 15.2551187
974 46.2021848 1.2643875
975 51.9127293 67.3145507
976 51.8204945 68.3636926
977 55.68896239999999 54.95830119999999
978 54.8732209 69.15054789999999
979 59.41358100000001 5.267986899999999
980 59.832353 6.821085399999999
981 59.7349011 7.5521979
982 59.4836751 8.6269273
983 59.66887759999999 9.6501891
984 62.51963360000001 7.1384807
985 62.56744610000001 7.68722
986 53.0328123 -7.298793300000001
987 52.7286158 6.490100200000001
988 52.6763414 7.4809826
989 52.844198 8.053015799999999
990 53.859336 8.6879057
991 53.5395845 8.580942499999999
992 52.861732 9.593091600000001
993 54.30906539999999 13.0770347
994 53.5678292 13.2779269
995 55.245265 24.7760749
996 55.874736 26.536179
997 57.3436767 28.3521426
998 58.37798299999999 26.7290383
999 57.84250170000001 27.0059658
1000 57.6419576 27.3734546
1001 59.353455 27.4001208
1002 57.78145679999999 26.0550403
1003 57.776041 26.0028389
1004 57.5384659 25.4263618
1005 57.0994342 24.685557
1006 59.31080069999999 24.4157526
1007 59.3528731 24.0551583
1008 53.1450386 29.2355135
1009 55.920198 21.0677614
1010 55.7347915 24.3574774
1011 51.5719149 4.768323
1012 51.8372247 4.9758292
1013 51.4536672 3.5709125
1014 50.93069 5.332479999999999
1015 50.88817419999999 5.9794988
1016 49.43246449999999 21.6880053
1017 49.4027348 21.7033594
1018 49.3055641 21.568117
1019 51.2464536 22.5684463
1020 51.209018 24.6980251
1021 52.4470327 35.785078
1022 51.6708844 33.9078925
1023 48.51418 -2.765835
1024 50.94990869999999 3.1294471
1025 50.8194776 3.2577263
1026 50.6056475 3.3879338
1027 51.1829725 3.0948388
1028 50.59787 4.32851
1029 50.6921704 6.083456099999999
1030 50.6444579 13.835284
1031 49.593778 17.2508787
1032 49.75516289999999 16.4691861
1033 49.7470441 18.6237961
1034 43.06806 -77.4385981
1035 48.2973451 4.0744009
1036 48.015589 6.591716
1037 47.95215229999999 8.4979461
1038 47.9837999 10.1801883
1039 47.569648 10.7004328
1040 47.4916945 11.0954984
1041 47.4413018 11.2640301
1042 47.3300017 11.1877742
1043 49.5415238 15.3593232
1044 48.25573 13.04432
1045 48.5905012 18.8548946
1046 47.9495324 21.7244053
1047 48.4340432 22.2101042
1048 46.5670437 26.9145748
1049 47.9896681 17.6156466
1050 47.7991115 17.6610924
1051 47.7571476 17.6507532
1052 47.1415878 23.8787342
1053 45.1371109 26.8171122
1054 47.0528596 24.411328
1055 46.7710931 24.700762
1056 46.9260303 25.3534041
1057 46.7212112 25.5855275
1058 46.3695574 25.7953655
1059 45.8609375 25.7885796
1060 45.7707805 25.7997157
1061 45.8448599 27.2100826
1062 45.8490923 27.4241268
1063 46.7979936 28.1435791
1064 46.82089329999999 28.1928757
1065 47.0150268 26.861986
1066 47.7539947 27.9184148
1067 48.4584391 27.7929285
1068 49.58826699999999 34.5514169
1069 45.4785114 28.1994643
1070 45.036035 38.97457060000001
1071 40.7469284 -73.940827
1072 46.323716 -0.4647769999999999
1073 45.744175 -0.633389
1074 45.648377 0.1562369
1075 45.83361900000001 1.261105
1076 46.480798 3.979376
1077 46.780764 4.853947
1078 46.04936 5.341124
1079 47.5221901 12.4308125
1080 47.5828798 12.6915545
1081 47.3783618 13.4231953
1082 46.4394444 14.2675
1083 46.5188668 16.5536412
1084 46.70003810000001 17.382492
1085 46.2261652 17.3649851
1086 45.9584735 17.4613774
1087 45.8316463 17.3855429
1088 45.2604055 17.1989794
1089 44.7721811 17.191
1090 44.3398061 17.2712934
1091 44.1440673 17.398111
1092 45.773295 19.1151469
1093 45.6909898 21.9034608
1094 38.8985658 -77.04428419999999
1095 43.8155851 28.2176216
1096 43.75380089999999 28.1079003
1097 40.2928735 44.3505077
1098 40.7929026 43.8464971
1099 41.0374948 43.8614313
1100 41.4025151 43.4871631
1101 41.6434293 42.9934449
1102 42.315407 43.35689199999999
1103 41.580236 42.8202939
1104 41.5336448 42.675694
1105 40.6013378 43.0974525
1106 40.040049 42.16887699999999
1107 42.0438901 41.8051552
1108 42.0902225 42.0359711
1109 45.188529 5.724524
1110 43.296482 5.36978
1111 44.933393 4.89236
1112 44.298387 8.464533099999999
1113 44.8666232 13.8495788
1114 45.54805899999999 13.7301877
1115 44.8119628 15.8685645
1116 43.8562586 18.4130763
1117 43.8555729 19.842471
1118 43.8913677 20.3506051
1119 43.7238483 20.6872542
1120 43.5786526 21.3356957
1121 43.7425555 21.4534028
1122 43.8633542 21.409909
1123 43.9018089 22.27015
1124 43.46041169999999 19.815345
1125 43.0323483 24.0991868
1126 45.2000705 19.8323103
1127 40.2033145 -8.4102573
1128 40.6565861 -7.9124712
1129 41.7410586 -7.470604599999999
1130 41.9402591 -7.4349526
1131 40.5308408 -7.2221421
1132 39.8196165 -7.496513299999999
1133 39.2967086 -7.4284755
1134 38.571431 -7.913501999999999
1135 38.0153039 -7.8627308
1136 37.6521402 -8.224390399999999
1137 40.9701039 -5.663539699999999
1138 38.9394272 -6.365157
1139 42.4627195 -2.4449852
1140 41.41112589999999 -8.5237319
1141 39.478072 -8.5404429
1142 39.4630563 -8.1995808
1143 41.8185638 12.7979193
1144 40.92357639999999 9.4964429
1145 40.914388 14.7906121
1146 41.1297613 14.7826208
1147 39.6696653 16.3113474
1148 39.7478528 16.4532199
1149 39.0807932 17.1271102
1150 40.6404067 15.8056041
1151 38.9206607 16.2507433
1152 38.90979189999999 16.5876516
1153 42.2171438 20.7436495
1154 42.2868817 22.6939308
1155 39.65329759999999 27.8903423
1156 38.6140337 27.4295624
1157 38.3228017 26.3027607
1158 37.7795941 -3.784905699999999
1159 25.124371 55.3808307
1160 37.9727034 13.8216575
1161 37.5099321 14.262851
1162 37.9783947 12.9686255
1163 38.0173505 12.5365171
1164 39.1582421 20.9876839
1165 38.6244897 21.4096034
1166 38.3686739 21.430415
1167 38.9471695 20.769361
1168 38.9190379 20.8889257
1169 38.8632567 21.1666182
1170 38.9149201 21.7935895
1171 37.074461 22.430264
1172 36.761028 22.563999
1173 38.0412749 23.5418125
1174 38.322579 23.3204309
